4294967278,258
4294967279,554
4294967279,312
4294967278,335
4294967294,1417
4294967279,532
4294967278,132
4294967278,131
4294967278,130
4294967278,129
4294967278,128
4294967278,127
4294967278,126
4294967278,125
4294967278,124
4294967278,123
4294967278,122
4294967278,398
4294967278,121
4294967278,120
4294967278,119
4294967278,118
4294967278,117
4294967278,116
4294967278,115
4294967278,114
4294967278,113
4294967278,112
4294967278,109
4294967278,251
4294967278,107
4294967278,106
4294967278,105
4294967278,104
4294967278,103
4294967278,102
4294967278,100
4294967278,99
4294967278,96
4294967278,94
4294967278,93
4294967278,92
4294967278,91
4294967278,90
4294967278,89
4294967278,87
4294967278,86
4294967278,81
4294967278,79
4294967278,78
4294967278,77
4294967278,76
4294967278,75
4294967278,70
4294967278,68
4294967278,67
4294967278,66
4294967278,65
4294967278,62
4294967278,361
4294967278,54
4294967278,53
4294967278,260
4294967279,81
4294967279,79
4294967279,69
4294967279,68
4294967279,67
4294967279,66
4294967279,65
4294967279,64
4294967279,63
4294967279,62
4294967279,60
4294967279,59
4294967279,58
4294967279,57
4294967279,56
4294967279,55
4294967279,53
4294967279,47
4294967279,44
4294967279,41
4294967279,40
4294967279,36
4294967279,31
4294967279,29
4294967279,27
4294967279,26
4294967279,22
4294967279,18
4294967279,11
4294967279,9
4294967279,8
4294967278,51
4294967279,49
4294967278,409
4294967279,48
4294967294,1438
4294967279,46
4294967278,45
531,5
531,4
531,3
531,2
531,1
4294967279,32
4294967278,143
529,5
529,4
529,3
529,2
529,1
4294967278,333
4294967279,133
4294967279,16
4294967294,1437
4294967279,14
527,5
527,4
527,3
527,2
527,1
4294967279,339
4294967278,402
4294967278,316
525,6
525,5
525,4
525,3
525,2
525,1
4294967279,325
4294967294,961
4294967294,177
4294967294,385
4294967294,167
4294967294,459
4294967294,119
4294967294,463
4294967294,169
4294967278,218
4294967279,212
522,6
522,5
522,4
522,3
522,2
522,1
4294967279,259
4294967278,206
521,5
4294967278,202
521,4
521,3
521,2
521,1
519,7
519,6
519,5
519,4
519,3
519,2
519,1
4294967278,336
4294967279,167
4294967278,166
4294967279,166
4294967278,334
4294967279,335
515,5
515,4
515,3
515,2
515,1
4294967278,98
4294967278,97
4294967278,95
4294967278,83
4294967278,82
4294967278,80
4294967278,73
4294967278,72
4294967278,69
4294967278,64
4294967279,83
4294967279,80
4294967279,70
4294967279,61
4294967279,54
4294967279,52
4294967279,51
4294967279,50
4294967279,45
4294967279,150
4294967279,142
4294967278,142
513,6
513,5
513,4
513,3
513,2
513,1
4294967279,264
4294967294,426
4294967294,966
4294967294,188
4294967278,257
4294967278,401
4294967278,253
4294967278,236
507,4
507,3
507,2
507,1
506,4
506,3
506,2
506,1
4294967294,409
505,6
4294967278,399
505,5
505,4
505,3
505,2
505,1
504,5
504,4
504,3
504,2
504,1
4294967278,397
503,6
4294967279,291
503,5
503,4
503,3
503,2
503,1
502,6
502,5
502,4
502,3
502,2
502,1
4294967294,170
4294967294,898
501,6
4294967294,946
4294967294,920
4294967294,420
4294967294,394
4294967279,559
501,5
501,4
501,3
501,2
501,1
500,5
500,4
500,3
500,2
500,1
4294967279,550
499,5
499,4
499,3
499,2
499,1
498,4
498,3
498,2
498,1
4294967279,43
4294967279,333
4294967279,561
4294967278,438
4294967279,34
4294967279,33
4294967278,323
4294967278,420
4294967279,372
4294967278,385
4294967278,266
4294967278,384
4294967278,137
4294967294,396
4294967279,329
4294967278,301
4294967279,303
4294967278,255
4294967278,252
4294967294,901
4294967278,249
4294967279,522
4294967294,386
4294967279,324
4294967278,405
4294967278,320
4294967278,150
4294967279,141
4294967278,141
4294967279,138
4294967278,138
4294967278,277
4294967279,135
4294967278,276
4294967279,279
4294967279,28
4294967279,25
4294967279,15
4294967279,13
4294967279,4
4294967278,247
4294967279,10
4294967279,258
4294967294,481
4294967279,257
494,5
494,4
494,3
494,2
494,1
4294967279,529
4294967279,318
4294967279,317
4294967278,317
4294967278,330
4294967279,311
4294967279,322
4294967294,1436
4294967278,245
4294967279,245
492,5
492,4
492,3
492,2
492,1
4294967278,237
4294967278,225
4294967278,221
490,6
490,5
490,4
490,3
490,2
490,1
4294967278,192
487,6
487,5
487,4
487,2
487,1
4294967278,243
4294967294,915
4294967294,162
4294967294,964
486,5
486,4
486,3
486,2
486,1
4294967279,168
484,7
484,6
484,5
484,4
484,3
484,2
484,1
4294967294,412
4294967294,404
4294967294,454
4294967278,326
4294967279,234
4294967278,151
4294967279,560
480,5
480,4
480,3
480,2
480,1
4294967279,232
4294967279,230
4294967278,279
478,6
478,5
478,4
478,3
478,2
478,1
4294967279,252
4294967278,332
4294967279,553
4294967278,111
4294967278,108
4294967278,328
4294967278,85
4294967278,63
4294967278,227
4294967278,329
4294967279,228
4294967279,224
4294967279,42
4294967279,39
4294967279,38
4294967279,37
4294967279,35
4294967279,30
4294967279,24
4294967279,23
4294967279,21
4294967279,20
4294967279,19
4294967279,17
4294967279,12
4294967279,7
4294967279,6
4294967279,5
4294967279,538
4294967279,241
4294967279,239
4294967294,163
4294967294,916
4294967294,911
4294967294,899
4294967294,918
4294967279,229
4294967278,241
4294967279,203
4294967279,202
4294967278,201
472,4
472,3
472,2
472,1
4294967278,200
471,4
471,3
471,2
471,1
470,6
4294967278,191
470,5
470,4
470,3
470,2
470,1
4294967279,187
4294967278,71
4294967278,327
469,5
469,4
469,3
469,2
469,1
468,6
468,5
468,4
468,3
468,2
468,1
4294967294,449
4294967278,235
467,6
4294967278,233
467,5
467,4
467,3
467,2
467,1
466,6
4294967279,338
4294967278,231
466,5
4294967278,147
466,4
466,3
466,2
466,1
4294967278,146
4294967278,145
4294967278,144
4294967278,223
465,5
465,4
465,3
465,2
465,1
4294967278,133
463,4
463,3
463,2
463,1
4294967278,412
4294967294,914
4294967294,965
4294967294,416
4294967294,108
4294967294,110
4294967294,390
4294967294,464
4294967278,376
4294967278,325
4294967294,1431
4294967279,260
4294967279,556
4294967278,304
4294967278,324
4294967278,400
4294967278,217
4294967278,238
4294967279,528
4294967278,215
4294967278,382
4294967279,344
4294967278,229
4294967278,381
4294967279,523
4294967279,218
4294967279,222
4294967278,383
4294967279,521
4294967279,320
4294967279,220
4294967278,380
4294967294,115
4294967278,302
4294967279,527
4294967278,259
4294967279,544
4294967278,305
460,7
460,6
460,5
460,4
460,3
460,2
460,1
4294967278,182
4294967278,441
4294967279,156
4294967294,30
4294967294,61
4294967294,18
4294967294,127
4294967294,14
4294967294,126
4294967294,20
4294967294,13
4294967294,12
4294967278,321
4294967278,110
4294967278,354
4294967278,84
4294967278,74
4294967279,137
4294967294,912
4294967294,183
4294967294,483
459,5
459,4
459,3
459,2
459,1
4294967279,319
4294967294,1
4294967294,1435
4294967279,310
4294967278,378
457,5
457,4
457,3
457,2
457,1
4294967279,136
4294967278,134
4294967278,135
4294967278,347
4294967279,549
4294967278,274
4294967278,273
455,6
455,5
455,4
455,3
455,2
455,1
4294967294,1418
4294967279,307
4294967279,306
4294967279,253
4294967278,309
4294967279,248
4294967278,242
4294967279,247
452,6
4294967278,246
452,5
452,4
4294967278,244
452,2
452,1
4294967278,299
4294967279,243
4294967278,240
4294967278,234
4294967278,443
4294967279,227
4294967278,222
451,5
4294967279,225
451,4
4294967278,224
451,3
451,2
451,1
4294967279,223
4294967278,220
4294967279,217
4294967279,305
4294967278,216
4294967278,214
4294967278,101
4294967278,428
4294967278,210
4294967278,0
4294967278,209
4294967278,208
4294967278,207
4294967279,207
4294967278,203
449,7
4294967279,206
449,6
4294967278,205
449,5
4294967279,205
449,4
4294967278,204
449,3
449,2
449,1
4294967279,204
4294967278,406
